Start: 0. End: 500. Decimal Places: 5.
Position: 0
>HUMANanc	|	A	|	1.00000	0.00000	0.00000	0.00000	0.00000	0.00000	0.00000	1.00000	0.00000	0.00000	0.62012	1.00000	0.00000	0.00000	0.00000	0.00000	1.00000	0.00000	1.00000	0.00000	1.00000	0.00000	1.00000	0.00000	1.00000	0.00000	0.00000	1.00000	0.00007	1.00000	0.00000	0.00000	0.00000	0.00000	0.00000	0.00000	1.00000	1.00000	0.00000	0.00000	0.00000	0.00000	0.00000	1.00000	0.00000	1.00000	0.00000	0.00000	0.00000	0.00000
>        	|	C	|	0.00000	0.00000	0.00000	0.00000	1.00000	0.00000	1.00000	0.00000	0.00000	0.00000	0.00009	0.00000	0.00000	0.00000	0.00000	1.00000	0.00000	0.00000	0.00000	0.00000	0.00000	0.00000	0.00000	0.00000	0.00000	1.00000	1.00000	0.00000	0.00007	0.00000	1.00000	0.00000	0.00000	0.00000	0.00000	1.00000	0.00000	0.00000	1.00000	1.00000	0.00000	0.00000	0.00000	0.00000	0.00000	0.00000	0.00000	0.00000	1.00000	0.00000
>        	|	G	|	0.00000	1.00000	1.00000	0.00000	0.00000	0.00000	0.00000	0.00000	0.00000	0.00000	0.37964	0.00000	1.00000	1.00000	1.00000	0.00000	0.00000	1.00000	0.00000	0.00000	0.00000	1.00000	0.00000	1.00000	0.00000	0.00000	0.00000	0.00000	0.69482	0.00000	0.00000	0.00000	1.00000	0.00000	1.00000	0.00000	0.00000	0.00000	0.00000	0.00000	0.00000	0.00000	0.00000	0.00000	1.00000	0.00000	1.00000	0.00000	0.00000	0.00000
>        	|	T	|	0.00000	0.00000	0.00000	1.00000	0.00000	1.00000	0.00000	0.00000	1.00000	1.00000	0.00009	0.00000	0.00000	0.00000	0.00000	0.00000	0.00000	0.00000	0.00000	1.00000	0.00000	0.00000	0.00000	0.00000	0.00000	0.00000	0.00000	0.00000	0.30518	0.00000	0.00000	1.00000	0.00000	1.00000	0.00000	0.00000	0.00000	0.00000	0.00000	0.00000	1.00000	1.00000	1.00000	0.00000	0.00000	0.00000	0.00000	1.00000	0.00000	1.00000

Position: 50
>HUMANanc	|	A	|	0.00000	0.00000	1.00000	0.00000	0.00000	0.00000	0.00000	0.00000	0.00000	0.00000	0.00000	1.00000	0.00000	0.00000	0.00000	0.00000	0.00000	0.00000	1.00000	0.00009	0.00000	0.00000	1.00000	0.00000	0.62012	0.37964	0.00007	1.00000	0.00000	1.00000	0.00000	1.00000	0.00000	1.00000	0.00000	1.00000	0.00000	0.00000	1.00000	0.00009	1.00000	0.00000	0.00000	0.00009	0.00000	0.00000	0.00000	1.00000	1.00000	0.37964
>        	|	C	|	0.00000	1.00000	0.00000	0.00000	0.00000	0.00000	0.00000	0.00000	0.00000	1.00000	0.00000	0.00000	0.00000	0.00000	0.00000	1.00000	0.00000	1.00000	0.00000	0.37964	0.00000	0.00000	0.00000	0.00000	0.00009	0.00009	0.69482	0.00000	0.00000	0.00000	0.00000	0.00000	0.00000	0.00000	0.00000	0.00000	0.00000	1.00000	0.00000	0.62012	0.00000	1.00000	0.00000	0.00009	0.00000	0.00000	1.00000	0.00000	0.00000	0.62012
>        	|	G	|	1.00000	0.00000	0.00000	0.00000	0.00000	1.00000	1.00000	1.00000	0.00000	0.00000	0.00000	0.00000	1.00000	1.00000	0.00000	0.00000	0.00000	0.00000	0.00000	0.00009	0.00000	1.00000	0.00000	1.00000	0.37964	0.62012	0.30518	0.00000	1.00000	0.00000	0.00000	0.00000	1.00000	0.00000	1.00000	0.00000	1.00000	0.00000	0.00000	0.37964	0.00000	0.00000	0.00000	0.62012	0.00000	1.00000	0.00000	0.00000	0.00000	0.00009
>        	|	T	|	0.00000	0.00000	0.00000	1.00000	1.00000	0.00000	0.00000	0.00000	1.00000	0.00000	1.00000	0.00000	0.00000	0.00000	1.00000	0.00000	1.00000	0.00000	0.00000	0.62012	1.00000	0.00000	0.00000	0.00000	0.00009	0.00009	0.00007	0.00000	0.00000	0.00000	1.00000	0.00000	0.00000	0.00000	0.00000	0.00000	0.00000	0.00000	0.00000	0.00009	0.00000	0.00000	1.00000	0.37964	1.00000	0.00000	0.00000	0.00000	0.00000	0.00009

Position: 100
>HUMANanc	|	A	|	0.00000	0.00000	0.00009	0.00000	1.00000	0.00000	1.00000	0.00000	0.00000	0.00000	0.00009	0.00000	0.00000	1.00000	0.00000	0.00000	0.30811	0.00000	0.00000	0.00009	0.00000	0.00000	1.00000	0.00000	0.00000	0.00000	0.00000	0.00000	0.00000	1.00000	0.00009	0.00000	0.00000	1.00000	0.00000	0.00000	1.00000	0.00000	0.62012	0.00000	1.00000	0.00000	1.00000	0.00000	1.00000	0.00000	1.00000	0.00009	0.00000	1.00000
>        	|	C	|	1.00000	0.00000	0.62012	0.00000	0.00000	0.00000	0.00000	0.00000	0.00000	1.00000	0.00009	0.00000	1.00000	0.00000	0.00000	0.00000	0.00007	0.00000	0.00000	0.62012	1.00000	0.00000	0.00000	0.00000	0.00000	0.00000	1.00000	0.00000	1.00000	0.00000	0.37964	0.00000	0.00000	0.00000	0.00000	0.00000	0.00000	1.00000	0.00009	0.00000	0.00000	0.00000	0.00000	0.00000	0.00000	0.00000	0.00000	0.62012	1.00000	0.00000
>        	|	G	|	0.00000	0.00000	0.00009	0.00000	0.00000	1.00000	0.00000	1.00000	0.00000	0.00000	0.62012	1.00000	0.00000	0.00000	0.00000	0.00000	0.69189	1.00000	1.00000	0.00009	0.00000	0.00000	0.00000	1.00000	1.00000	0.00000	0.00000	0.00000	0.00000	0.00000	0.00009	0.00000	1.00000	0.00000	1.00000	1.00000	0.00000	0.00000	0.00009	1.00000	0.00000	0.00000	0.00000	1.00000	0.00000	1.00000	0.00000	0.37964	0.00000	0.00000
>        	|	T	|	0.00000	1.00000	0.37964	1.00000	0.00000	0.00000	0.00000	0.00000	1.00000	0.00000	0.37964	0.00000	0.00000	0.00000	1.00000	1.00000	0.00007	0.00000	0.00000	0.37964	0.00000	1.00000	0.00000	0.00000	0.00000	1.00000	0.00000	1.00000	0.00000	0.00000	0.62012	1.00000	0.00000	0.00000	0.00000	0.00000	0.00000	0.00000	0.37964	0.00000	0.00000	1.00000	0.00000	0.00000	0.00000	0.00000	0.00000	0.00009	0.00000	0.00000

Position: 150
>HUMANanc	|	A	|	0.00000	1.00000	0.00000	0.00000	0.37964	0.00000	0.00009	0.00009	1.00000	1.00000	0.62012	0.00000	0.00000	0.00000	0.00000	1.00000	0.00000	1.00000	0.00000	0.00000	0.00000	0.00000	0.00000	0.00000	1.00000	0.00009	0.00000	0.00000	0.00000	0.00009	0.00000	0.00000	0.00000	1.00000	0.00000	0.00000	0.00000	0.00000	0.00000	0.00000	1.00000	0.00000	0.00000	0.00000	1.00000	0.00000	0.00000	1.00000	0.00000	1.00000
>        	|	C	|	0.00000	0.00000	1.00000	0.00000	0.00009	0.00000	0.00009	0.37964	0.00000	0.00000	0.37964	1.00000	0.00000	0.00000	0.00000	0.00000	0.00000	0.00000	0.00000	0.00000	1.00000	0.00000	0.00000	1.00000	0.00000	0.37964	0.00000	0.00000	0.00000	0.37964	1.00000	1.00000	0.00000	0.00000	0.00000	0.00000	0.00000	1.00000	0.00000	1.00000	0.00000	0.00000	0.00000	0.00000	0.00000	0.00000	0.00000	0.00000	1.00000	0.00000
>        	|	G	|	1.00000	0.00000	0.00000	0.00000	0.62012	0.00000	0.37964	0.62012	0.00000	0.00000	0.00009	0.00000	0.00000	0.00000	0.00000	0.00000	1.00000	0.00000	1.00000	0.00000	0.00000	0.00000	1.00000	0.00000	0.00000	0.00009	0.00000	1.00000	1.00000	0.62012	0.00000	0.00000	0.00000	0.00000	1.00000	1.00000	0.00000	0.00000	0.00000	0.00000	0.00000	0.00000	0.00000	1.00000	0.00000	1.00000	1.00000	0.00000	0.00000	0.00000
>        	|	T	|	0.00000	0.00000	0.00008	1.00000	0.00009	1.00000	0.62012	0.00009	0.00000	0.00000	0.00009	0.00000	1.00000	1.00000	1.00000	0.00000	0.00000	0.00000	0.00000	1.00000	0.00000	1.00000	0.00000	0.00000	0.00000	0.62012	1.00000	0.00000	0.00000	0.00009	0.00000	0.00000	1.00000	0.00000	0.00000	0.00000	1.00000	0.00000	1.00000	0.00000	0.00000	1.00000	1.00000	0.00000	0.00000	0.00000	0.00000	0.00000	0.00000	0.00000

Position: 200
>HUMANanc	|	A	|	0.00000	1.00000	0.00000	1.00000	0.00000	1.00000	0.00000	0.37964	0.00000	0.00000	1.00000	0.00000	1.00000	0.00000	0.00000	0.00000	0.00009	0.00000	0.00000	1.00000	1.00000	0.37964	0.00000	0.00000	0.00000	0.00000	1.00000	0.00000	1.00000	0.00000	0.00000	0.00000	0.00000	0.00000	0.00000	1.00000	0.62012	0.00000	0.00000	0.00000	0.00000	0.00000	0.00000	0.00000	1.00000	0.00000	0.00000	0.00000	0.00000	0.00000
>        	|	C	|	0.00000	0.00000	0.00000	0.00000	0.00000	0.00000	0.00000	0.00009	0.00000	1.00000	0.00000	0.00000	0.00000	1.00000	0.00000	0.00000	0.37964	0.00000	1.00000	0.00000	0.00000	0.62012	1.00000	0.00000	0.00000	0.00000	0.00000	0.00000	0.00000	0.00000	0.00000	1.00000	0.00000	0.00000	1.00000	0.00000	0.00009	0.00000	0.00000	0.00000	0.00000	1.00000	1.00000	0.00000	0.00000	0.00000	0.00000	0.00000	1.00000	0.00000
>        	|	G	|	1.00000	0.00000	0.00000	0.00000	1.00000	0.00000	1.00000	0.62012	1.00000	0.00000	0.00000	1.00000	0.00000	0.00000	0.00000	1.00000	0.00009	1.00000	0.00000	0.00000	0.00000	0.00009	0.00000	0.00000	0.00000	0.00000	0.00000	1.00000	0.00000	1.00000	0.00000	0.00000	0.00000	1.00000	0.00000	0.00000	0.00009	0.00000	1.00000	1.00000	1.00000	0.00000	0.00000	0.00000	0.00000	1.00000	1.00000	0.00000	0.00000	0.00000
>        	|	T	|	0.00000	0.00000	1.00000	0.00000	0.00000	0.00000	0.00000	0.00009	0.00000	0.00000	0.00000	0.00000	0.00000	0.00000	1.00000	0.00000	0.62012	0.00000	0.00000	0.00000	0.00000	0.00009	0.00000	1.00000	1.00000	1.00000	0.00000	0.00000	0.00000	0.00000	1.00000	0.00000	1.00000	0.00000	0.00000	0.00000	0.37964	1.00000	0.00000	0.00000	0.00000	0.00000	0.00000	1.00000	0.00000	0.00000	0.00000	1.00000	0.00000	1.00000

Position: 250
>HUMANanc	|	A	|	0.00000	1.00000	0.00000	0.00000	0.00000	1.00000	0.00000	0.00000	1.00000	0.00000	1.00000	0.00000	1.00000	0.00000	1.00000	0.00009	1.00000	0.00000	1.00000	0.00000	0.00000	1.00000	0.00009	1.00000	0.00000	0.00000	0.00000	0.00000	0.00000	0.00009	1.00000	1.00000	0.62012	0.00000	0.00000	0.00000	0.00000	1.00000	0.62012	1.00000	0.00000	0.00000	0.00000	0.00000	0.00000	0.00000	1.00000	0.00009	0.37964	0.00000
>        	|	C	|	1.00000	0.00000	0.00000	0.00000	0.00000	0.00000	0.00000	0.00000	0.00000	1.00000	0.00000	0.00000	0.00000	0.00000	0.00000	0.62012	0.00000	0.00000	0.00000	0.00000	1.00000	0.00000	0.37964	0.00000	1.00000	0.00000	0.00000	0.00000	0.00000	0.62012	0.00000	0.00000	0.37964	1.00000	0.00000	0.00000	0.00000	0.00000	0.00009	0.00000	0.00000	0.00000	1.00000	0.00000	0.00000	1.00000	0.00000	0.62012	0.00009	0.00000
>        	|	G	|	0.00000	0.00000	0.00000	0.00000	1.00000	0.00000	1.00000	1.00000	0.00000	0.00000	0.00000	1.00000	0.00000	0.00000	0.00000	0.37964	0.00000	1.00000	0.00000	1.00000	0.00000	0.00000	0.62012	0.00000	0.00000	0.00000	1.00000	0.00000	1.00000	0.00009	0.00000	0.00000	0.00009	0.00000	0.00000	0.00000	0.00000	0.00000	0.37964	0.00000	1.00000	0.00000	0.00000	0.00000	1.00000	0.00000	0.00000	0.00009	0.00009	1.00000
>        	|	T	|	0.00000	0.00000	1.00000	1.00000	0.00000	0.00000	0.00000	0.00000	0.00000	0.00000	0.00000	0.00000	0.00000	1.00000	0.00000	0.00009	0.00000	0.00000	0.00000	0.00000	0.00000	0.00000	0.00009	0.00000	0.00000	1.00000	0.00000	1.00000	0.00000	0.37964	0.00000	0.00000	0.00009	0.00000	1.00000	1.00000	1.00000	0.00000	0.00009	0.00000	0.00000	1.00000	0.00000	1.00000	0.00000	0.00000	0.00000	0.37964	0.62012	0.00000

Position: 300
>HUMANanc	|	A	|	0.62012	0.00000	0.00000	0.00000	0.00000	0.62012	0.00000	0.00000	0.00000	0.00000	0.00000	0.00000	1.00000	0.00000	0.00000	0.00000	1.00000	0.00000	0.00000	0.37964	0.00000	0.62012	0.00000	1.00000	0.00000	1.00000	0.00000	1.00000	0.00000	1.00000	0.00009	0.00000	1.00000	0.00000	1.00000	0.00000	0.00000	0.00000	0.00000	0.00000	0.00000	0.69189	1.00000	0.00000	0.00000	0.00000	0.00000	0.00000	1.00000	0.00000
>        	|	C	|	0.00009	0.00000	1.00000	1.00000	0.00000	0.37964	0.00000	0.00000	0.00000	1.00000	0.00000	1.00000	0.00000	0.00000	0.00000	0.00000	0.00000	0.00000	0.00000	0.00009	1.00000	0.37964	0.00000	0.00000	0.00000	0.00000	0.00000	0.00000	0.00000	0.00000	0.62012	1.00000	0.00000	0.00000	0.00000	1.00000	0.00000	0.00000	0.00000	0.00000	1.00000	0.30811	0.00000	1.00000	1.00000	0.00000	0.00000	0.00000	0.00000	0.00000
>        	|	G	|	0.37964	1.00000	0.00000	0.00000	0.00000	0.00009	1.00000	1.00000	0.00000	0.00000	0.00000	0.00000	0.00000	0.00000	0.00000	1.00000	0.00000	1.00000	1.00000	0.62012	0.00000	0.00009	1.00000	0.00000	0.00000	0.00000	1.00000	0.00000	1.00000	0.00000	0.37964	0.00000	0.00000	1.00000	0.00000	0.00000	0.00000	1.00000	0.00000	1.00000	0.00000	0.00007	0.00000	0.00000	0.00000	0.00000	0.00000	0.00000	0.00000	1.00000
>        	|	T	|	0.00009	0.00000	0.00000	0.00000	1.00000	0.00009	0.00000	0.00000	1.00000	0.00000	1.00000	0.00000	0.00000	1.00000	1.00000	0.00000	0.00000	0.00000	0.00000	0.00009	0.00000	0.00009	0.00000	0.00000	1.00000	0.00000	0.00000	0.00000	0.00000	0.00000	0.00009	0.00000	0.00000	0.00000	0.00000	0.00000	1.00000	0.00000	1.00000	0.00000	0.00000	0.00007	0.00000	0.00000	0.00000	1.00000	1.00000	1.00000	0.00000	0.00000

Position: 350
>HUMANanc	|	A	|	1.00000	0.00000	0.00000	0.00000	0.00000	0.00000	0.00000	1.00000	0.00000	0.00000	0.00000	0.00000	0.00000	0.00009	0.00000	0.00000	0.62012	0.00000	0.00000	0.00000	0.00000	0.00000	0.00000	1.00000	0.00009	0.00000	0.00000	1.00000	0.00000	0.00000	1.00000	0.00000	1.00000	0.37964	1.00000	0.00000	1.00000	0.00000	1.00000	0.00000	1.00000	0.00000	0.00000	1.00000	0.00000	1.00000	0.00000	0.00000	0.00009	0.00000
>        	|	C	|	0.00000	0.00000	0.00000	1.00000	0.00000	0.00000	1.00000	0.00000	0.00000	0.00000	0.00000	0.00000	0.00000	0.37964	1.00000	0.00000	0.00009	0.00000	0.00000	0.00000	1.00000	0.00000	1.00000	0.00000	0.62012	0.00000	0.00000	0.00000	0.00000	0.00000	0.00000	0.00000	0.00000	0.00009	0.00000	0.00000	0.00000	0.00000	0.00000	0.00000	0.00000	0.00000	1.00000	0.00000	0.00000	0.00000	1.00000	0.00000	0.00009	0.00000
>        	|	G	|	0.00000	1.00000	0.00000	0.00000	0.00000	1.00000	0.00000	0.00000	0.00000	0.00000	1.00000	1.00000	1.00000	0.00009	0.00000	0.00000	0.37964	1.00000	1.00000	0.00000	0.00000	0.00000	0.00000	0.00000	0.00009	0.00000	1.00000	0.00000	1.00000	1.00000	0.00000	1.00000	0.00000	0.62012	0.00000	0.00000	0.00000	1.00000	0.00000	1.00000	0.00000	1.00000	0.00000	0.00000	1.00000	0.00000	0.00000	0.00000	0.37964	0.00000
>        	|	T	|	0.00000	0.00000	1.00000	0.00000	1.00000	0.00000	0.00000	0.00000	1.00000	1.00000	0.00000	0.00000	0.00000	0.62012	0.00000	1.00000	0.00009	0.00000	0.00000	1.00000	0.00000	1.00000	0.00000	0.00000	0.37964	1.00000	0.00000	0.00000	0.00000	0.00000	0.00000	0.00000	0.00000	0.00009	0.00000	1.00000	0.00000	0.00000	0.00000	0.00000	0.00000	0.00000	0.00000	0.00000	0.00000	0.00000	0.00000	1.00000	0.62012	1.00000

Position: 400
>HUMANanc	|	A	|	0.00000	0.00000	1.00000	1.00000	0.62012	0.00000	0.00000	0.00000	0.00000	1.00000	0.00000	1.00000	0.00000	0.00000	0.00000	0.00000	0.00009	0.00000	1.00000	0.00000	0.00000	0.00000	0.00000	0.00000	0.00009	0.00000	0.00000	1.00000	0.00000	0.00000	0.00000	0.00000	0.00000	0.00000	1.00000	0.00009	0.00000	0.00000	1.00000	0.00000	0.00000	1.00000	0.00000	0.37964	0.00000	1.00000	0.00000	0.62012	0.00000	1.00000
>        	|	C	|	0.00000	1.00000	0.00000	0.00000	0.37964	1.00000	0.00000	0.00000	0.00000	0.00000	0.00000	0.00000	0.00000	0.00000	1.00000	0.00000	0.62012	1.00000	0.00000	0.00000	0.00000	0.00000	0.00000	0.00000	0.37964	1.00000	0.00000	0.00000	0.00000	0.00000	0.00000	1.00000	0.00000	1.00000	0.00000	0.62012	0.00000	0.00000	0.00000	0.00000	0.00000	0.00000	1.00000	0.00009	0.00000	0.00000	0.00000	0.00009	0.00000	0.00000
>        	|	G	|	1.00000	0.00000	0.00000	0.00000	0.00009	0.00000	0.00000	0.00000	0.00000	0.00000	1.00000	0.00000	1.00000	0.00000	0.00000	0.00000	0.37964	0.00000	0.00000	0.00000	0.00000	1.00000	1.00000	1.00000	0.00009	0.00000	0.00000	0.00000	1.00000	1.00000	0.00000	0.00000	0.00000	0.00000	0.00000	0.00009	0.00000	1.00000	0.00000	1.00000	1.00000	0.00000	0.00000	0.00009	1.00000	0.00000	0.00000	0.37964	1.00000	0.00000
>        	|	T	|	0.00000	0.00000	0.00000	0.00000	0.00009	0.00000	1.00000	1.00000	1.00000	0.00000	0.00000	0.00000	0.00000	1.00000	0.00000	1.00000	0.00009	0.00000	0.00000	1.00000	1.00000	0.00000	0.00000	0.00000	0.62012	0.00000	1.00000	0.00000	0.00000	0.00000	1.00000	0.00000	1.00000	0.00000	0.00000	0.37964	1.00000	0.00000	0.00000	0.00000	0.00000	0.00000	0.00000	0.62012	0.00000	0.00000	1.00000	0.00009	0.00000	0.00000

Position: 450
>HUMANanc	|	A	|	0.00000	1.00000	0.00000	0.00000	1.00000	0.00000	1.00000	0.00000	0.00000	0.62012	0.00000	0.00000	0.00000	1.00000	1.00000	0.00000	0.00000	0.00000	0.00000	0.00000	1.00000	0.00000	1.00000	0.00000	0.00000	0.00000	0.00000	0.00000	0.00000	1.00000	0.00009	0.00000	0.00000	0.00000	0.00009	0.00000	0.00000	0.00000	1.00000	0.00000	0.00000	0.00000	0.00000	0.00000	0.00000	1.00000	0.00000	0.00000	0.00000	1.00000
>        	|	C	|	0.00000	0.00000	0.00000	1.00000	0.00000	0.00000	0.00000	1.00000	0.00000	0.00009	0.00000	0.00000	1.00000	0.00000	0.00000	1.00000	1.00000	0.00000	0.00000	0.00000	0.00000	0.00000	0.00000	0.00000	0.00000	1.00000	0.00000	0.00000	1.00000	0.00000	0.62012	0.00000	0.00000	0.00000	0.62012	1.00000	1.00000	0.00000	0.00000	0.00000	0.00000	0.00000	1.00000	0.00000	1.00000	0.00000	0.00000	0.00000	0.00000	0.00000
>        	|	G	|	1.00000	0.00000	1.00000	0.00000	0.00000	1.00000	0.00000	0.00000	0.00000	0.37964	0.00000	1.00000	0.00000	0.00000	0.00000	0.00000	0.00000	0.00000	0.00000	0.00000	0.00000	1.00000	0.00000	1.00000	0.00000	0.00000	0.00000	1.00000	0.00000	0.00000	0.00009	0.00000	1.00000	1.00000	0.37964	0.00000	0.00000	0.00000	0.00000	1.00000	1.00000	0.00000	0.00000	0.00000	0.00000	0.00000	0.00000	0.00000	1.00000	0.00000
>        	|	T	|	0.00000	0.00000	0.00000	0.00000	0.00000	0.00000	0.00000	0.00000	1.00000	0.00009	1.00000	0.00000	0.00000	0.00000	0.00000	0.00000	0.00000	1.00000	1.00000	1.00000	0.00000	0.00000	0.00000	0.00000	1.00000	0.00000	1.00000	0.00000	0.00000	0.00000	0.37964	1.00000	0.00000	0.00000	0.00009	0.00000	0.00000	1.00000	0.00000	0.00000	0.00000	1.00000	0.00000	1.00000	0.00000	0.00000	1.00000	1.00000	0.00000	0.00000

Position: 500
>HUMANanc	|	A	|
>        	|	C	|
>        	|	G	|
>        	|	T	|
