Start: 0. End: 100. Decimal Places: 5.
Position: 0
>humanT2T	|	A	|	0.00000	0.00000	1.00000	1.00000	0.00000	1.00000	0.00000	0.00000	0.00000	1.00000	0.00000	0.00000	0.00000	1.00000	0.00000	0.00000	1.00000	0.00000	0.00000	1.00000	0.00000	0.00000	0.00000	0.00000	0.00000	0.00000	0.00000	0.00000	0.00000	0.00000	0.00000	0.00000	0.00000	0.00000	0.00000	1.00000	0.00000	0.00000	0.00000	0.00000	0.00000	0.00000	1.00000	0.00000	1.00000	0.00000	0.00000	1.00000	0.00000	0.00000
>        	|	C	|	1.00000	0.00000	0.00000	0.00000	0.00000	0.00000	1.00000	0.00000	0.00000	0.00000	0.00000	0.00000	1.00000	0.00000	1.00000	0.00000	0.00000	0.00000	0.00000	0.00000	0.00000	1.00000	0.00000	0.00000	1.00000	1.00000	0.00000	0.00000	1.00000	1.00000	0.00000	1.00000	1.00000	0.00000	1.00000	0.00000	0.00000	1.00000	0.00000	0.00000	0.00000	1.00000	0.00000	0.00000	0.00000	0.00000	0.00000	0.00000	1.00000	1.00000
>        	|	G	|	0.00000	0.00000	0.00000	0.00000	1.00000	0.00000	0.00000	0.00000	1.00000	0.00000	1.00000	0.00000	0.00000	0.00000	0.00000	0.00000	0.00000	0.00000	0.00000	0.00000	1.00000	0.00000	1.00000	0.00000	0.00000	0.00000	0.00000	0.00000	0.00000	0.00000	0.00000	0.00000	0.00000	0.00000	0.00000	0.00000	0.00000	0.00000	0.00000	0.00000	1.00000	0.00000	0.00000	1.00000	0.00000	0.00000	1.00000	0.00000	0.00000	0.00000
>        	|	T	|	0.00000	1.00000	0.00000	0.00000	0.00000	0.00000	0.00000	1.00000	0.00000	0.00000	0.00000	1.00000	0.00000	0.00000	0.00000	1.00000	0.00000	1.00000	1.00000	0.00000	0.00000	0.00000	0.00000	1.00000	0.00000	0.00000	1.00000	1.00000	0.00000	0.00000	1.00000	0.00000	0.00000	1.00000	0.00000	0.00000	1.00000	0.00000	1.00000	1.00000	0.00000	0.00000	0.00000	0.00000	0.00000	1.00000	0.00000	0.00000	0.00000	0.00000

Position: 50
>humanT2T	|	A	|	0.00000	1.00000	0.00000	0.00000	1.00000	0.00000	0.00000	1.00000	0.00000	1.00000	0.00000	0.00000	0.00000	0.00000	0.00000	0.00000	0.00000	0.00000	0.00000	0.00000	0.00000	0.00000	1.00000	0.00000	0.00000	1.00000	0.00000	0.00000	0.00000	0.00000	1.00000	0.00000	0.00000	0.00000	1.00000	1.00000	0.00000	0.00000	1.00000	0.00000	0.00000	0.00000	0.00000	0.00000	1.00000	1.00000	0.00000	0.00000	1.00000	1.00000
>        	|	C	|	0.00000	0.00000	0.00000	1.00000	0.00000	0.00000	0.00000	0.00000	0.00000	0.00000	1.00000	0.00000	0.00000	0.00000	0.00000	1.00000	1.00000	0.00000	0.00000	0.00000	0.00000	0.00000	0.00000	0.00000	1.00000	0.00000	0.00000	0.00000	0.00000	0.00000	0.00000	0.00000	0.00000	1.00000	0.00000	0.00000	0.00000	0.00000	0.00000	0.00000	1.00000	0.00000	0.00000	0.00000	0.00000	0.00000	0.00000	0.00000	0.00000	0.00000
>        	|	G	|	0.00000	0.00000	0.00000	0.00000	0.00000	0.00000	1.00000	0.00000	1.00000	0.00000	0.00000	0.00000	0.00000	0.00000	1.00000	0.00000	0.00000	0.00000	0.00000	1.00000	0.00000	1.00000	0.00000	0.00000	0.00000	0.00000	0.00000	1.00000	0.00000	1.00000	0.00000	1.00000	0.00000	0.00000	0.00000	0.00000	0.00000	0.00000	0.00000	0.00000	0.00000	0.00000	0.00000	0.00000	0.00000	0.00000	0.00000	1.00000	0.00000	0.00000
>        	|	T	|	1.00000	0.00000	1.00000	0.00000	0.00000	1.00000	0.00000	0.00000	0.00000	0.00000	0.00000	1.00000	1.00000	1.00000	0.00000	0.00000	0.00000	1.00000	1.00000	0.00000	1.00000	0.00000	0.00000	1.00000	0.00000	0.00000	1.00000	0.00000	1.00000	0.00000	0.00000	0.00000	1.00000	0.00000	0.00000	0.00000	1.00000	1.00000	0.00000	1.00000	0.00000	1.00000	1.00000	1.00000	0.00000	0.00000	1.00000	0.00000	0.00000	0.00000

Position: 100
>humanT2T	|	A	|
>        	|	C	|
>        	|	G	|
>        	|	T	|
