Start: 0. End: 531. Decimal Places: 5.
Position: 0
>hca	|	A	|	0.00000	0.00000	1.00000	1.00000	0.00000	1.00000	0.00000	0.00000	0.00000	1.00000	0.00000	0.00000	0.00000	1.00000	0.00000	0.00000	1.00000	0.00000	0.00000	1.00000	0.00000	0.00000	0.00000	0.00000	0.00000	0.00000	0.00000	0.00000	0.00000	0.00000	0.00000	0.00000	0.00000	0.00000	0.00000	1.00000	0.00000	0.00000	0.00000	0.00000	0.00000	0.00000	1.00000	0.00000	1.00000	0.00000	0.00000	1.00000	0.00000	0.00000
>   	|	C	|	1.00000	0.00000	0.00000	0.00000	0.00000	0.00000	1.00000	0.00000	0.00000	0.00000	0.00000	0.00000	1.00000	0.00000	1.00000	0.00000	0.00000	0.00000	0.00000	0.00000	0.00000	1.00000	0.00000	0.00000	1.00000	1.00000	0.00000	0.00000	1.00000	0.99902	0.00000	1.00000	1.00000	0.00000	1.00000	0.00000	0.00000	1.00000	0.00000	0.00000	0.00000	1.00000	0.00000	0.00000	0.00000	0.00000	0.00000	0.00000	1.00000	1.00000
>   	|	G	|	0.00000	0.00000	0.00000	0.00000	1.00000	0.00000	0.00000	0.00000	1.00000	0.00000	1.00000	0.00000	0.00000	0.00000	0.00000	0.00000	0.00000	0.00000	0.00000	0.00000	1.00000	0.00000	1.00000	0.00000	0.00000	0.00000	0.00000	0.00000	0.00000	0.00112	0.00000	0.00000	0.00000	0.00000	0.00000	0.00000	0.00000	0.00000	0.00000	0.00000	1.00000	0.00000	0.00000	1.00000	0.00000	0.00000	1.00000	0.00000	0.00000	0.00000
>   	|	T	|	0.00000	1.00000	0.00000	0.00000	0.00000	0.00000	0.00000	1.00000	0.00000	0.00000	0.00000	1.00000	0.00000	0.00000	0.00000	1.00000	0.00000	1.00000	1.00000	0.00000	0.00000	0.00001	0.00000	1.00000	0.00000	0.00000	1.00000	1.00000	0.00000	0.00000	1.00000	0.00000	0.00000	1.00000	0.00000	0.00000	1.00000	0.00000	1.00000	1.00000	0.00000	0.00000	0.00000	0.00000	0.00000	1.00000	0.00000	0.00000	0.00000	0.00000

Position: 50
>hca	|	A	|	0.00000	1.00000	0.00000	0.00000	1.00000	0.00000	0.00000	1.00000	0.00000	1.00000	0.00000	0.00000	0.00000	0.00000	0.00000	0.00000	0.00000	0.00000	0.00000	0.00000	0.00000	0.00000	1.00000	0.00000	0.00000	0.16260	0.00000	0.00000	0.00000	0.00000	1.00000	0.00000	0.00000	0.00000	1.00000	1.00000	0.00000	0.00000	1.00000	0.00000	0.00000	0.00000	0.00000	0.00000	1.00000	1.00000	0.00000	0.00000	1.00000	1.00000
>   	|	C	|	0.00000	0.00000	0.00000	1.00000	0.00000	0.00000	0.00000	0.00000	0.00000	0.00000	1.00000	0.00000	0.00000	0.00000	0.00000	1.00000	1.00000	0.00000	0.00000	0.00000	0.00000	0.00000	0.00000	0.00000	1.00000	0.00000	0.00000	0.00000	0.00000	0.00000	0.00000	0.00000	0.00000	1.00000	0.00000	0.00000	0.00000	0.00000	0.00000	0.00000	1.00000	0.00000	0.00000	0.00000	0.00000	0.00000	0.00000	0.00000	0.00000	0.00000
>   	|	G	|	0.00000	0.00000	0.00000	0.00000	0.00000	0.00000	1.00000	0.00000	1.00000	0.00000	0.00000	0.00000	0.00000	0.00000	1.00000	0.00000	0.00000	0.00000	0.00000	1.00000	0.00000	1.00000	0.00000	0.00000	0.00000	0.83740	0.00000	1.00000	0.00000	1.00000	0.00000	1.00000	0.00000	0.00000	0.00000	0.00000	0.00000	0.00000	0.00000	0.00000	0.00000	0.00000	0.00000	0.00000	0.00000	0.00000	0.00000	1.00000	0.00000	0.00000
>   	|	T	|	1.00000	0.00000	1.00000	0.00000	0.00000	1.00000	0.00000	0.00000	0.00000	0.00000	0.00000	1.00000	1.00000	1.00000	0.00000	0.00000	0.00000	1.00000	1.00000	0.00000	1.00000	0.00000	0.00000	1.00000	0.00000	0.00000	1.00000	0.00000	1.00000	0.00000	0.00000	0.00000	1.00000	0.00000	0.00000	0.00000	1.00000	1.00000	0.00000	1.00000	0.00001	1.00000	1.00000	1.00000	0.00000	0.00000	1.00000	0.00000	0.00000	0.00000

Position: 100
>hca	|	A	|	0.00000	0.00000	0.00000	1.00000	0.00000	0.00000	0.00000	0.00000	0.00000	1.00000	0.00000	0.00000	0.00000	1.00000	0.00000	1.00000	0.00000	1.00000	0.00000	0.00000	0.99512	0.00000	1.00000	0.00000	0.00000	0.00000	0.00000	0.00000	0.00000	0.00000	0.00000	0.00000	0.00000	0.00000	0.00000	0.00000	0.00000	0.00000	0.00000	0.00000	0.00000	0.00000	0.00000	0.00000	0.00000	0.00000	0.00000	0.00000	0.00000	0.00000
>   	|	C	|	1.00000	0.00000	1.00000	0.00000	0.00000	0.00000	0.00000	0.00000	1.00000	0.00000	0.00000	0.00000	0.00000	0.00000	0.00000	0.00000	0.00000	0.00000	0.00095	0.00000	0.00484	0.00000	0.00000	0.00000	0.00000	0.00000	0.00000	0.00000	0.00000	0.00000	0.00000	0.00000	0.00000	0.00000	0.00000	0.00000	0.00000	0.00000	0.00000	0.00000	0.00000	0.00000	0.00000	0.00000	0.00000	0.00000	0.00000	0.00000	0.00000	0.00000
>   	|	G	|	0.00000	0.00000	0.00000	0.00000	1.00000	0.00000	0.00000	0.00000	0.00000	0.00000	0.00000	1.00000	0.00000	0.00000	0.00000	0.00000	0.00000	0.00000	0.00000	0.00000	0.00001	0.00000	0.00000	0.00000	0.00000	0.00000	0.00000	0.00000	0.00000	0.00000	0.00000	0.00000	0.00000	0.00000	0.00000	0.00000	0.00000	0.00000	0.00000	0.00000	0.00000	0.00000	0.00000	0.00000	0.00000	0.00000	0.00000	0.00000	0.00000	0.00000
>   	|	T	|	0.00000	1.00000	0.00000	0.00000	0.00000	1.00000	1.00000	1.00000	0.00000	0.00000	1.00000	0.00000	1.00000	0.00000	1.00000	0.00000	1.00000	0.00000	0.99902	1.00000	0.00001	1.00000	0.00000	1.00000	0.00000	0.00000	0.00000	0.00000	0.00000	0.00000	0.00000	0.00000	0.00000	0.00000	0.00000	0.00000	0.00000	0.00000	0.00000	0.00000	0.00000	0.00000	0.00000	0.00000	0.00000	0.00000	0.00000	0.00000	0.00000	0.00000

Position: 150
>hca	|	A	|	0.00000	0.00000	0.00000	1.00000	0.00000	0.00000	0.00000	1.00000	1.00000	0.00000	1.00000	0.00000	0.00000	0.00000	1.00000	0.00000	1.00000	1.00000	1.00000	1.00000	0.00000	1.00000	0.00000	1.00000	0.00000	1.00000	0.00000	0.00000	1.00000	0.00000	1.00000	0.00001	1.00000	0.00000	0.00000	0.00000	1.00000	1.00000	0.00000	1.00000	0.00000	0.00000	0.00000	1.00000	0.00000	1.00000	1.00000	1.00000	1.00000	0.00000
>   	|	C	|	0.00000	0.00000	0.00000	0.00000	0.00000	0.00000	0.00000	0.00000	0.00000	0.00000	0.00000	0.00000	0.00000	0.00000	0.00000	0.00000	0.00000	0.00000	0.00000	0.00000	0.00000	0.00000	0.00000	0.00000	0.00000	0.00000	0.00000	0.00000	0.00000	0.00095	0.00000	0.99756	0.00000	0.00000	0.00000	0.00000	0.00000	0.00000	0.00000	0.00000	0.00000	0.00000	0.00000	0.00000	0.00095	0.00000	0.00000	0.00000	0.00000	0.00000
>   	|	G	|	0.00000	0.00000	0.00000	0.00000	0.00000	1.00000	0.00000	0.00000	0.00000	0.00000	0.00000	0.00000	1.00000	0.00000	0.00000	0.00000	0.00000	0.00000	0.00000	0.00000	0.00000	0.00000	0.00000	0.00000	0.00000	0.00000	0.00000	0.00000	0.00000	0.00000	0.00000	0.00001	0.00000	0.00000	1.00000	0.00000	0.00000	0.00000	0.00000	0.00000	0.00000	1.00000	0.00000	0.00000	0.00000	0.00000	0.00000	0.00000	0.00000	0.00000
>   	|	T	|	0.00000	0.00000	0.00000	0.00000	1.00000	0.00000	1.00000	0.00000	0.00000	1.00000	0.00000	1.00000	0.00000	1.00000	0.00000	1.00000	0.00000	0.00000	0.00000	0.00000	1.00000	0.00000	1.00000	0.00000	1.00000	0.00000	1.00000	1.00000	0.00000	0.99902	0.00000	0.00252	0.00000	1.00000	0.00000	1.00000	0.00000	0.00000	1.00000	0.00000	1.00000	0.00000	1.00000	0.00000	0.99902	0.00000	0.00000	0.00000	0.00000	1.00000

Position: 200
>hca	|	A	|	1.00000	0.00001	1.00000	0.00000	1.00000	0.00000	0.00000	1.00000	0.00000	1.00000	0.00000	1.00000	0.00000	0.00000	0.00000	1.00000	1.00000	0.00000	1.00000	0.00000	0.00000	0.00000	0.00000	0.00000	1.00000	0.00095	1.00000	1.00000	0.00000	1.00000	0.00000	0.00095	0.00000	1.00000	0.00000	0.00000	1.00000	0.00000	1.00000	0.00000	1.00000	0.00000	0.00000	0.00000	1.00000	1.00000	0.00000	1.00000	0.00000	0.00000
>   	|	C	|	0.00000	0.00484	0.00000	0.00000	0.00000	0.00000	0.00000	0.00000	0.00000	0.00000	1.00000	0.00000	0.00000	0.00000	0.00000	0.00000	0.00000	0.00000	0.00000	0.00000	0.00000	0.00000	0.00095	0.00000	0.00000	0.99902	0.00000	0.00000	0.00000	0.00000	0.00000	0.00000	0.00000	0.00000	0.00000	0.00000	0.00000	0.00000	0.00000	1.00000	0.00000	0.00000	0.00000	0.00000	0.00000	0.00000	0.00000	0.00000	0.00000	1.00000
>   	|	G	|	0.00000	0.00001	0.00000	0.00000	0.00000	0.00000	0.00000	0.00000	0.00000	0.00000	0.00000	0.00000	0.00000	1.00000	0.00000	0.00000	0.00000	0.00000	0.00000	0.00000	0.00000	0.00000	0.99902	0.00000	0.00000	0.00000	0.00000	0.00000	0.00000	0.00000	0.00000	0.99902	0.00000	0.00000	0.00000	0.00000	0.00000	0.00000	0.00000	0.00000	0.00000	0.00000	1.00000	0.00000	0.00000	0.00000	0.00000	0.00000	0.00000	0.00000
>   	|	T	|	0.00000	0.99512	0.00000	1.00000	0.00000	1.00000	1.00000	0.00000	1.00000	0.00000	0.00000	0.00000	1.00000	0.00000	1.00000	0.00000	0.00000	1.00000	0.00000	0.00000	0.00000	1.00000	0.00000	1.00000	0.00000	0.00000	0.00000	0.00000	1.00000	0.00000	1.00000	0.00000	1.00000	0.00000	1.00000	1.00000	0.00000	1.00000	0.00000	0.00000	0.00000	1.00000	0.00000	1.00000	0.00000	0.00000	1.00000	0.00000	1.00000	0.00000

Position: 250
>hca	|	A	|	0.00000	1.00000	0.00000	1.00000	1.00000	1.00000	1.00000	0.00000	1.00000	0.00000	1.00000	0.00000	1.00000	0.00095	0.00000	1.00000	0.00000	1.00000	0.00000	0.99902	0.00000	0.00000	0.00000	1.00000	1.00000	0.00000	1.00000	0.00000	0.00000	0.00000	1.00000	0.00000	1.00000	1.00000	1.00000	1.00000	0.00000	1.00000	0.00000	1.00000	0.00000	1.00000	0.00000	0.00000	1.00000	0.00000	1.00000	0.00001	1.00000	0.00000
>   	|	C	|	0.00000	0.00000	0.00000	0.00000	0.00000	0.00000	0.00000	0.00000	0.00000	0.00000	0.00000	0.00000	0.00000	0.00000	0.00000	0.00000	0.00000	0.00000	1.00000	0.00095	0.00000	0.00000	0.00000	0.00000	0.00000	0.00000	0.00000	0.00000	0.99902	0.00000	0.00000	0.00000	0.00000	0.00000	0.00000	0.00000	0.00000	0.00000	0.00000	0.00000	0.00000	0.00000	0.00000	0.00000	0.00000	0.00000	0.00000	0.99756	0.00000	0.00000
>   	|	G	|	0.00000	0.00000	0.00000	0.00000	0.00000	0.00000	0.00000	0.00000	0.00000	0.00000	0.00000	0.00000	0.00000	0.00000	0.00000	0.00000	0.00000	0.00000	0.00000	0.00000	0.00001	1.00000	0.00000	0.00000	0.00000	0.00000	0.00000	0.00000	0.00095	0.00000	0.00000	0.00000	0.00000	0.00000	0.00000	0.00000	0.00000	0.00000	0.00000	0.00000	0.00000	0.00000	0.00000	0.00000	0.00000	0.00000	0.00000	0.00001	0.00000	0.00000
>   	|	T	|	1.00000	0.00000	1.00000	0.00000	0.00000	0.00000	0.00000	1.00000	0.00000	1.00000	0.00000	1.00000	0.00000	0.99902	1.00000	0.00001	1.00000	0.00000	0.00000	0.00000	1.00000	0.00000	1.00000	0.00000	0.00000	1.00000	0.00000	1.00000	0.00000	1.00000	0.00000	1.00000	0.00000	0.00000	0.00000	0.00000	1.00000	0.00000	1.00000	0.00000	1.00000	0.00000	1.00000	1.00000	0.00000	1.00000	0.00000	0.00252	0.00000	1.00000

Position: 300
>hca	|	A	|	0.00000	0.00000	1.00000	1.00000	0.00000	1.00000	0.00000	0.00000	0.00000	1.00000	0.00001	1.00000	1.00000	1.00000	1.00000	0.00000	1.00000	0.00000	1.00000	0.00000	1.00000	0.00000	0.00000	1.00000	0.00000	1.00000	0.00001	1.00000	0.00000	0.00000	0.00000	1.00000	1.00000	0.00000	1.00000	0.00000	0.00000	0.00000	1.00000	0.00000	0.99756	1.00000	1.00000	1.00000	0.00000	1.00000	0.00000	1.00000	0.00000	1.00000
>   	|	C	|	0.00000	0.00000	0.00000	0.00000	0.00000	0.00000	0.00000	1.00000	0.00000	0.00000	0.00484	0.00000	0.00000	0.00000	0.00000	0.00000	0.00000	0.00000	0.00000	0.00000	0.00000	0.00000	0.00000	0.00000	0.00000	0.00000	0.00252	0.00000	0.00095	0.00000	0.00000	0.00000	0.00000	0.00000	0.00000	0.00000	0.00000	0.00000	0.00000	0.00000	0.00001	0.00000	0.00000	0.00000	0.00000	0.00000	0.00000	0.00000	0.00000	0.00000
>   	|	G	|	1.00000	0.00000	0.00000	0.00000	0.00000	0.00000	0.00000	0.00000	0.00000	0.00000	0.00001	0.00000	0.00000	0.00000	0.00000	0.00000	0.00000	0.00000	0.00000	0.00000	0.00000	0.00000	0.00000	0.00000	0.00000	0.00000	0.00001	0.00000	0.00001	1.00000	0.00000	0.00000	0.00000	0.00000	0.00000	0.00000	0.00000	0.00000	0.00000	0.00000	0.00252	0.00000	0.00000	0.00000	0.00000	0.00000	0.00000	0.00000	0.00000	0.00000
>   	|	T	|	0.00000	1.00000	0.00000	0.00000	1.00000	0.00000	1.00000	0.00000	1.00000	0.00000	0.99512	0.00000	0.00000	0.00000	0.00000	1.00000	0.00000	1.00000	0.00000	1.00000	0.00000	1.00000	1.00000	0.00000	1.00000	0.00000	0.99756	0.00000	0.99902	0.00000	1.00000	0.00000	0.00000	1.00000	0.00000	0.00000	0.00000	1.00000	0.00000	1.00000	0.00001	0.00000	0.00000	0.00000	1.00000	0.00000	1.00000	0.00000	1.00000	0.00000

Position: 350
>hca	|	A	|	0.00001	0.00001	1.00000	0.00001	1.00000	0.00001	1.00000	0.00000	0.00095	0.00000	0.99512	1.00000	0.00000	1.00000	0.00000	0.00000	0.00000	1.00000	0.00000	0.99756	1.00000	1.00000	1.00000	0.00000	1.00000	0.00000	1.00000	0.00000	1.00000	0.00000	0.00000	1.00000	0.00000	1.00000	0.00001	1.00000	0.00000	0.00000	0.00000	1.00000	1.00000	0.00000	1.00000	0.00000	0.00000	0.00000	1.00000	0.00000	0.99756	1.00000
>   	|	C	|	0.00001	0.00001	0.00000	0.00484	0.00000	0.00252	0.00000	0.00095	0.00000	0.00000	0.00001	0.00000	0.00000	0.00000	0.00000	0.00000	0.00000	0.00000	0.00000	0.00001	0.00000	0.00000	0.00000	0.00000	0.00000	0.00000	0.00000	0.00000	0.00000	0.00000	0.00000	0.00000	0.00000	0.00000	0.00252	0.00000	0.00095	0.00000	0.00000	0.00000	0.00000	0.00000	0.00000	0.00000	0.00000	0.00000	0.00000	0.00000	0.00001	0.00000
>   	|	G	|	0.00001	0.00001	0.00000	0.00001	0.00000	0.00001	0.00000	0.00000	0.99902	0.00000	0.00484	0.00000	0.00000	0.00000	0.00000	0.00000	0.00000	0.00000	0.00000	0.00252	0.00000	0.00000	0.00000	0.00000	0.00000	0.00000	0.00000	0.00000	0.00000	0.00000	0.00000	0.00000	0.00000	0.00000	0.00001	0.00000	0.00000	1.00000	0.00000	0.00000	0.00000	0.00000	0.00000	0.00000	0.00000	0.00000	0.00000	0.00000	0.00252	0.00000
>   	|	T	|	1.00000	1.00000	0.00000	0.99512	0.00000	0.99756	0.00000	0.99902	0.00000	1.00000	0.00001	0.00000	1.00000	0.00000	0.00000	0.00000	1.00000	0.00000	1.00000	0.00001	0.00000	0.00000	0.00000	1.00000	0.00000	1.00000	0.00000	1.00000	0.00000	1.00000	1.00000	0.00000	1.00000	0.00000	0.99756	0.00000	0.99902	0.00000	1.00000	0.00000	0.00000	1.00000	0.00000	0.00000	0.00000	1.00000	0.00000	1.00000	0.00001	0.00000

Position: 400
>hca	|	A	|	1.00000	1.00000	0.00000	1.00000	0.00000	1.00000	0.00000	1.00000	0.00484	0.00000	1.00000	0.00000	1.00000	0.00000	1.00000	0.00000	0.00484	0.00001	1.00000	0.00000	0.00000	1.00000	0.00000	0.99756	0.00000	1.00000	0.00000	0.99756	1.00000	1.00000	1.00000	0.00000	1.00000	0.00000	1.00000	0.00000	1.00000	0.00000	0.00000	1.00000	0.00000	1.00000	0.00001	1.00000	0.00000	0.00095	0.00000	1.00000	1.00000	0.00000
>   	|	C	|	0.00000	0.00000	0.00000	0.00000	0.00000	0.00000	0.00000	0.00000	0.00001	0.00000	0.00000	0.00000	0.00000	0.99902	0.00000	0.00095	0.00001	0.00001	0.00001	0.00000	0.00000	0.00000	0.00000	0.00252	0.00000	0.00000	0.00000	0.00001	0.00000	0.00000	0.00000	0.00000	0.00000	0.00000	0.00000	0.00000	0.00000	0.00000	0.00000	0.00000	0.00000	0.00000	0.00252	0.00000	0.00095	0.00000	0.00000	0.00000	0.00000	0.00000
>   	|	G	|	0.00000	0.00000	0.00000	0.00000	0.00000	0.00000	0.00000	0.00000	0.00001	0.00000	0.00000	0.00000	0.00000	0.00000	0.00001	0.00000	0.99512	0.00001	0.00001	0.00000	0.00000	0.00000	0.00000	0.00001	0.00000	0.00000	0.00000	0.00252	0.00000	0.00000	0.00000	0.00000	0.00000	0.00000	0.00000	0.00000	0.00000	0.00000	0.00000	0.00000	0.00000	0.00000	0.00001	0.00000	0.00000	0.99902	0.00000	0.00000	0.00000	0.00000
>   	|	T	|	0.00000	0.00000	1.00000	0.00000	1.00000	0.00000	1.00000	0.00000	0.99512	1.00000	0.00000	1.00000	0.00000	0.00095	0.00000	0.99902	0.00001	1.00000	0.00001	0.00000	0.00000	0.00000	1.00000	0.00001	1.00000	0.00000	1.00000	0.00001	0.00000	0.00000	0.00000	1.00000	0.00000	1.00000	0.00000	1.00000	0.00000	1.00000	1.00000	0.00000	1.00000	0.00000	0.99756	0.00000	0.99902	0.00000	1.00000	0.00000	0.00000	1.00000

Position: 450
>hca	|	A	|	1.00000	0.00000	0.99756	0.00000	0.00000	0.00000	1.00000	1.00000	1.00000	1.00000	0.00000	1.00000	0.00000	1.00000	0.00000	0.99902	0.00000	0.00000	1.00000	0.00000	1.00000	0.00001	0.99512	0.00000	0.00000	0.00000	1.00000	1.00000	0.00000	0.00252	0.00001	0.58008	0.00000	1.00000	0.00000	1.00000	1.00000	1.00000	1.00000	0.00095	1.00000	0.00000	1.00000	0.00000	1.00000	0.00000	0.00000	1.00000	0.00000	1.00000
>   	|	C	|	0.00000	0.00000	0.00252	0.00000	0.00000	0.00000	0.00001	0.00001	0.00000	0.00000	0.00000	0.00000	0.00000	0.00000	0.00000	0.00000	0.00000	0.00000	0.00000	0.00000	0.00000	0.00252	0.00484	0.00000	0.00000	0.00000	0.00000	0.00000	0.00000	0.00001	0.99756	0.41797	0.00000	0.00000	0.00000	0.00000	0.00000	0.00000	0.00000	0.00000	0.00000	0.00000	0.00000	0.00000	0.00000	0.00000	0.00000	0.00000	0.00000	0.00000
>   	|	G	|	0.00000	0.00000	0.00001	0.00000	0.00000	0.00000	0.00001	0.00001	0.00000	0.00000	0.00000	0.00000	0.00000	0.00000	0.00000	0.00095	0.00000	0.00000	0.00000	0.00000	0.00000	0.00001	0.00001	0.00000	1.00000	0.00000	0.00000	0.00000	0.00000	0.99756	0.00001	0.00090	0.00000	0.00000	0.00000	0.00000	0.00000	0.00000	0.00000	0.00000	0.00000	0.00000	0.00000	0.00000	0.00000	0.00000	0.00000	0.00000	0.00000	0.00000
>   	|	T	|	0.00000	1.00000	0.00001	1.00000	0.00000	0.00000	0.00001	0.00001	0.00000	0.00000	1.00000	0.00000	1.00000	0.00000	1.00000	0.00000	1.00000	1.00000	0.00000	1.00000	0.00000	0.99756	0.00001	1.00000	0.00000	1.00000	0.00000	0.00000	1.00000	0.00001	0.00252	0.00090	1.00000	0.00000	1.00000	0.00000	0.00000	0.00000	0.00000	0.99902	0.00000	1.00000	0.00000	1.00000	0.00000	1.00000	1.00000	0.00000	1.00000	0.00000

Position: 500
>hca	|	A	|	0.00001	1.00000	0.00000	0.00000	0.00000	1.00000	1.00000	0.00000	0.00252	0.00000	0.99756	0.00000	1.00000	0.00000	0.99902	1.00000	1.00000	1.00000	0.00001	1.00000	0.00000	1.00000	0.00000	1.00000	0.99756	0.00000	1.00000	0.00000	1.00000	0.00000	0.00252
>   	|	C	|	0.00252	0.00000	0.00001	0.00000	0.00000	0.00000	0.00000	0.00000	0.00001	0.00000	0.00252	0.00000	0.00000	0.00000	0.00000	0.00000	0.00000	0.00000	0.00252	0.00000	0.00000	0.00000	0.00000	0.00000	0.00001	0.00000	0.00000	0.00000	0.00000	0.00000	0.00001
>   	|	G	|	0.00001	0.00000	0.00000	1.00000	0.00000	0.00000	0.00000	0.00000	0.99756	0.00000	0.00001	0.00000	0.00000	0.00000	0.00095	0.00000	0.00000	0.00000	0.00001	0.00000	0.00000	0.00000	0.00000	0.00000	0.00001	0.00000	0.00000	0.00000	0.00000	0.00000	0.99756
>   	|	T	|	0.99756	0.00000	1.00000	0.00000	1.00000	0.00000	0.00000	1.00000	0.00001	1.00000	0.00001	1.00000	0.00000	1.00000	0.00000	0.00000	0.00000	0.00000	0.99756	0.00000	1.00000	0.00000	1.00000	0.00000	0.00252	1.00000	0.00000	1.00000	0.00000	1.00000	0.00001
