Start: 0. End: 500. Decimal Places: 5.
Position: 0
>humanT2T	|	A	|	1.00000	0.00000	0.00000	0.00000	0.00000	0.00000	0.00000	1.00000	0.00000	0.00000	0.00000	1.00000	0.00000	0.00000	0.00000	0.00000	1.00000	0.00000	1.00000	0.00000	1.00000	0.00000	1.00000	0.00000	1.00000	0.00000	0.00000	1.00000	0.00000	1.00000	0.00000	0.00000	0.00000	0.00000	0.00000	0.00000	1.00000	1.00000	0.00000	0.00000	0.00000	0.00000	0.00000	1.00000	0.00000	1.00000	0.00000	0.00000	0.00000	0.00000
>        	|	C	|	0.00000	0.00000	0.00000	0.00000	1.00000	0.00000	1.00000	0.00000	0.00000	0.00000	0.00000	0.00000	0.00000	0.00000	0.00000	1.00000	0.00000	0.00000	0.00000	0.00000	0.00000	0.00000	0.00000	0.00000	0.00000	1.00000	1.00000	0.00000	0.00000	0.00000	1.00000	0.00000	0.00000	0.00000	0.00000	1.00000	0.00000	0.00000	1.00000	1.00000	0.00000	0.00000	0.00000	0.00000	0.00000	0.00000	0.00000	0.00000	1.00000	0.00000
>        	|	G	|	0.00000	1.00000	1.00000	0.00000	0.00000	0.00000	0.00000	0.00000	0.00000	0.00000	1.00000	0.00000	1.00000	1.00000	1.00000	0.00000	0.00000	1.00000	0.00000	0.00000	0.00000	1.00000	0.00000	1.00000	0.00000	0.00000	0.00000	0.00000	0.00000	0.00000	0.00000	0.00000	1.00000	0.00000	1.00000	0.00000	0.00000	0.00000	0.00000	0.00000	0.00000	0.00000	0.00000	0.00000	1.00000	0.00000	1.00000	0.00000	0.00000	0.00000
>        	|	T	|	0.00000	0.00000	0.00000	1.00000	0.00000	1.00000	0.00000	0.00000	1.00000	1.00000	0.00000	0.00000	0.00000	0.00000	0.00000	0.00000	0.00000	0.00000	0.00000	1.00000	0.00000	0.00000	0.00000	0.00000	0.00000	0.00000	0.00000	0.00000	1.00000	0.00000	0.00000	1.00000	0.00000	1.00000	0.00000	0.00000	0.00000	0.00000	0.00000	0.00000	1.00000	1.00000	1.00000	0.00000	0.00000	0.00000	0.00000	1.00000	0.00000	1.00000

Position: 50
>humanT2T	|	A	|	0.00000	0.00000	1.00000	0.00000	0.00000	0.00000	0.00000	0.00000	0.00000	0.00000	0.00000	1.00000	0.00000	0.00000	0.00000	0.00000	0.00000	0.00000	1.00000	0.00000	0.00000	0.00000	1.00000	0.00000	0.00000	1.00000	0.00000	1.00000	0.00000	1.00000	0.00000	1.00000	0.00000	1.00000	0.00000	1.00000	0.00000	0.00000	1.00000	0.00000	1.00000	0.00000	0.00000	0.00000	0.00000	0.00000	0.00000	1.00000	1.00000	1.00000
>        	|	C	|	0.00000	1.00000	0.00000	0.00000	0.00000	0.00000	0.00000	0.00000	0.00000	1.00000	0.00000	0.00000	0.00000	0.00000	0.00000	1.00000	0.00000	1.00000	0.00000	1.00000	0.00000	0.00000	0.00000	0.00000	0.00000	0.00000	0.00000	0.00000	0.00000	0.00000	0.00000	0.00000	0.00000	0.00000	0.00000	0.00000	0.00000	1.00000	0.00000	0.00000	0.00000	1.00000	0.00000	0.00000	0.00000	0.00000	1.00000	0.00000	0.00000	0.00000
>        	|	G	|	1.00000	0.00000	0.00000	0.00000	0.00000	1.00000	1.00000	1.00000	0.00000	0.00000	0.00000	0.00000	1.00000	1.00000	0.00000	0.00000	0.00000	0.00000	0.00000	0.00000	0.00000	1.00000	0.00000	1.00000	1.00000	0.00000	1.00000	0.00000	1.00000	0.00000	0.00000	0.00000	1.00000	0.00000	1.00000	0.00000	1.00000	0.00000	0.00000	1.00000	0.00000	0.00000	0.00000	0.00000	0.00000	1.00000	0.00000	0.00000	0.00000	0.00000
>        	|	T	|	0.00000	0.00000	0.00000	1.00000	1.00000	0.00000	0.00000	0.00000	1.00000	0.00000	1.00000	0.00000	0.00000	0.00000	1.00000	0.00000	1.00000	0.00000	0.00000	0.00000	1.00000	0.00000	0.00000	0.00000	0.00000	0.00000	0.00000	0.00000	0.00000	0.00000	1.00000	0.00000	0.00000	0.00000	0.00000	0.00000	0.00000	0.00000	0.00000	0.00000	0.00000	0.00000	1.00000	1.00000	1.00000	0.00000	0.00000	0.00000	0.00000	0.00000

Position: 100
>humanT2T	|	A	|	0.00000	0.00000	0.00000	0.00000	1.00000	0.00000	1.00000	0.00000	0.00000	0.00000	0.00000	0.00000	0.00000	1.00000	0.00000	0.00000	1.00000	0.00000	0.00000	0.00000	0.00000	0.00000	1.00000	0.00000	0.00000	0.00000	0.00000	0.00000	0.00000	1.00000	0.00000	0.00000	0.00000	1.00000	0.00000	0.00000	1.00000	0.00000	0.00000	0.00000	1.00000	0.00000	1.00000	0.00000	1.00000	0.00000	1.00000	0.00000	0.00000	1.00000
>        	|	C	|	1.00000	0.00000	0.00000	0.00000	0.00000	0.00000	0.00000	0.00000	0.00000	1.00000	0.00000	0.00000	1.00000	0.00000	0.00000	0.00000	0.00000	0.00000	0.00000	0.00000	1.00000	0.00000	0.00000	0.00000	0.00000	0.00000	1.00000	0.00000	1.00000	0.00000	1.00000	0.00000	0.00000	0.00000	0.00000	0.00000	0.00000	1.00000	0.00000	0.00000	0.00000	0.00000	0.00000	0.00000	0.00000	0.00000	0.00000	0.00000	1.00000	0.00000
>        	|	G	|	0.00000	0.00000	0.00000	0.00000	0.00000	1.00000	0.00000	1.00000	0.00000	0.00000	0.00000	1.00000	0.00000	0.00000	0.00000	0.00000	0.00000	1.00000	1.00000	0.00000	0.00000	0.00000	0.00000	1.00000	1.00000	0.00000	0.00000	0.00000	0.00000	0.00000	0.00000	0.00000	1.00000	0.00000	1.00000	1.00000	0.00000	0.00000	0.00000	1.00000	0.00000	0.00000	0.00000	1.00000	0.00000	1.00000	0.00000	1.00000	0.00000	0.00000
>        	|	T	|	0.00000	1.00000	1.00000	1.00000	0.00000	0.00000	0.00000	0.00000	1.00000	0.00000	1.00000	0.00000	0.00000	0.00000	1.00000	1.00000	0.00000	0.00000	0.00000	1.00000	0.00000	1.00000	0.00000	0.00000	0.00000	1.00000	0.00000	1.00000	0.00000	0.00000	0.00000	1.00000	0.00000	0.00000	0.00000	0.00000	0.00000	0.00000	1.00000	0.00000	0.00000	1.00000	0.00000	0.00000	0.00000	0.00000	0.00000	0.00000	0.00000	0.00000

Position: 150
>humanT2T	|	A	|	0.00000	1.00000	0.00000	0.00000	1.00000	0.00000	0.00000	0.00000	1.00000	1.00000	0.00000	0.00000	0.00000	0.00000	0.00000	1.00000	0.00000	1.00000	0.00000	0.00000	0.00000	0.00000	0.00000	0.00000	1.00000	0.00000	0.00000	0.00000	0.00000	0.00000	0.00000	0.00000	0.00000	1.00000	0.00000	0.00000	0.00000	0.00000	0.00000	0.00000	1.00000	0.00000	0.00000	0.00000	1.00000	0.00000	0.00000	1.00000	0.00000	1.00000
>        	|	C	|	0.00000	0.00000	0.00000	0.00000	0.00000	0.00000	0.00000	1.00000	0.00000	0.00000	1.00000	1.00000	0.00000	0.00000	0.00000	0.00000	0.00000	0.00000	0.00000	0.00000	1.00000	0.00000	0.00000	1.00000	0.00000	1.00000	0.00000	0.00000	0.00000	1.00000	1.00000	1.00000	0.00000	0.00000	0.00000	0.00000	0.00000	1.00000	0.00000	1.00000	0.00000	0.00000	0.00000	0.00000	0.00000	0.00000	0.00000	0.00000	1.00000	0.00000
>        	|	G	|	1.00000	0.00000	0.00000	0.00000	0.00000	0.00000	1.00000	0.00000	0.00000	0.00000	0.00000	0.00000	0.00000	0.00000	0.00000	0.00000	1.00000	0.00000	1.00000	0.00000	0.00000	0.00000	1.00000	0.00000	0.00000	0.00000	0.00000	1.00000	1.00000	0.00000	0.00000	0.00000	0.00000	0.00000	1.00000	1.00000	0.00000	0.00000	0.00000	0.00000	0.00000	0.00000	0.00000	1.00000	0.00000	1.00000	1.00000	0.00000	0.00000	0.00000
>        	|	T	|	0.00000	0.00000	1.00000	1.00000	0.00000	1.00000	0.00000	0.00000	0.00000	0.00000	0.00000	0.00000	1.00000	1.00000	1.00000	0.00000	0.00000	0.00000	0.00000	1.00000	0.00000	1.00000	0.00000	0.00000	0.00000	0.00000	1.00000	0.00000	0.00000	0.00000	0.00000	0.00000	1.00000	0.00000	0.00000	0.00000	1.00000	0.00000	1.00000	0.00000	0.00000	1.00000	1.00000	0.00000	0.00000	0.00000	0.00000	0.00000	0.00000	0.00000

Position: 200
>humanT2T	|	A	|	0.00000	1.00000	0.00000	1.00000	0.00000	1.00000	0.00000	1.00000	0.00000	0.00000	1.00000	0.00000	1.00000	0.00000	0.00000	0.00000	0.00000	0.00000	0.00000	1.00000	1.00000	1.00000	0.00000	0.00000	0.00000	0.00000	1.00000	0.00000	1.00000	0.00000	0.00000	0.00000	0.00000	0.00000	0.00000	1.00000	0.00000	0.00000	0.00000	0.00000	0.00000	0.00000	0.00000	0.00000	1.00000	0.00000	0.00000	0.00000	0.00000	0.00000
>        	|	C	|	0.00000	0.00000	0.00000	0.00000	0.00000	0.00000	0.00000	0.00000	0.00000	1.00000	0.00000	0.00000	0.00000	1.00000	0.00000	0.00000	1.00000	0.00000	1.00000	0.00000	0.00000	0.00000	1.00000	0.00000	0.00000	0.00000	0.00000	0.00000	0.00000	0.00000	0.00000	1.00000	0.00000	0.00000	1.00000	0.00000	0.00000	0.00000	0.00000	0.00000	0.00000	1.00000	1.00000	0.00000	0.00000	0.00000	0.00000	0.00000	1.00000	0.00000
>        	|	G	|	1.00000	0.00000	0.00000	0.00000	1.00000	0.00000	1.00000	0.00000	1.00000	0.00000	0.00000	1.00000	0.00000	0.00000	0.00000	1.00000	0.00000	1.00000	0.00000	0.00000	0.00000	0.00000	0.00000	0.00000	0.00000	0.00000	0.00000	1.00000	0.00000	1.00000	0.00000	0.00000	0.00000	1.00000	0.00000	0.00000	0.00000	0.00000	1.00000	1.00000	1.00000	0.00000	0.00000	0.00000	0.00000	1.00000	1.00000	0.00000	0.00000	0.00000
>        	|	T	|	0.00000	0.00000	1.00000	0.00000	0.00000	0.00000	0.00000	0.00000	0.00000	0.00000	0.00000	0.00000	0.00000	0.00000	1.00000	0.00000	0.00000	0.00000	0.00000	0.00000	0.00000	0.00000	0.00000	1.00000	1.00000	1.00000	0.00000	0.00000	0.00000	0.00000	1.00000	0.00000	1.00000	0.00000	0.00000	0.00000	1.00000	1.00000	0.00000	0.00000	0.00000	0.00000	0.00000	1.00000	0.00000	0.00000	0.00000	1.00000	0.00000	1.00000

Position: 250
>humanT2T	|	A	|	0.00000	1.00000	0.00000	0.00000	0.00000	1.00000	0.00000	0.00000	1.00000	0.00000	1.00000	0.00000	1.00000	0.00000	1.00000	0.00000	1.00000	0.00000	1.00000	0.00000	0.00000	1.00000	0.00000	1.00000	0.00000	0.00000	0.00000	0.00000	0.00000	0.00000	1.00000	1.00000	0.00000	0.00000	0.00000	0.00000	0.00000	1.00000	0.00000	1.00000	0.00000	0.00000	0.00000	0.00000	0.00000	0.00000	1.00000	0.00000	1.00000	0.00000
>        	|	C	|	1.00000	0.00000	0.00000	0.00000	0.00000	0.00000	0.00000	0.00000	0.00000	1.00000	0.00000	0.00000	0.00000	0.00000	0.00000	0.00000	0.00000	0.00000	0.00000	0.00000	1.00000	0.00000	1.00000	0.00000	1.00000	0.00000	0.00000	0.00000	0.00000	0.00000	0.00000	0.00000	1.00000	1.00000	0.00000	0.00000	0.00000	0.00000	0.00000	0.00000	0.00000	0.00000	1.00000	0.00000	0.00000	1.00000	0.00000	0.00000	0.00000	0.00000
>        	|	G	|	0.00000	0.00000	0.00000	0.00000	1.00000	0.00000	1.00000	1.00000	0.00000	0.00000	0.00000	1.00000	0.00000	0.00000	0.00000	1.00000	0.00000	1.00000	0.00000	1.00000	0.00000	0.00000	0.00000	0.00000	0.00000	0.00000	1.00000	0.00000	1.00000	0.00000	0.00000	0.00000	0.00000	0.00000	0.00000	0.00000	0.00000	0.00000	1.00000	0.00000	1.00000	0.00000	0.00000	0.00000	1.00000	0.00000	0.00000	0.00000	0.00000	1.00000
>        	|	T	|	0.00000	0.00000	1.00000	1.00000	0.00000	0.00000	0.00000	0.00000	0.00000	0.00000	0.00000	0.00000	0.00000	1.00000	0.00000	0.00000	0.00000	0.00000	0.00000	0.00000	0.00000	0.00000	0.00000	0.00000	0.00000	1.00000	0.00000	1.00000	0.00000	1.00000	0.00000	0.00000	0.00000	0.00000	1.00000	1.00000	1.00000	0.00000	0.00000	0.00000	0.00000	1.00000	0.00000	1.00000	0.00000	0.00000	0.00000	1.00000	0.00000	0.00000

Position: 300
>humanT2T	|	A	|	0.00000	0.00000	0.00000	0.00000	0.00000	0.00000	0.00000	0.00000	0.00000	0.00000	0.00000	0.00000	1.00000	0.00000	0.00000	0.00000	1.00000	0.00000	0.00000	1.00000	0.00000	0.00000	0.00000	1.00000	0.00000	1.00000	0.00000	1.00000	0.00000	1.00000	0.00000	0.00000	1.00000	0.00000	1.00000	0.00000	0.00000	0.00000	0.00000	0.00000	0.00000	0.00000	1.00000	0.00000	0.00000	0.00000	0.00000	0.00000	1.00000	0.00000
>        	|	C	|	0.00000	0.00000	1.00000	1.00000	0.00000	1.00000	0.00000	0.00000	0.00000	1.00000	0.00000	1.00000	0.00000	0.00000	0.00000	0.00000	0.00000	0.00000	0.00000	0.00000	1.00000	1.00000	0.00000	0.00000	0.00000	0.00000	0.00000	0.00000	0.00000	0.00000	0.00000	1.00000	0.00000	0.00000	0.00000	1.00000	0.00000	0.00000	0.00000	0.00000	1.00000	1.00000	0.00000	1.00000	1.00000	0.00000	0.00000	0.00000	0.00000	0.00000
>        	|	G	|	1.00000	1.00000	0.00000	0.00000	0.00000	0.00000	1.00000	1.00000	0.00000	0.00000	0.00000	0.00000	0.00000	0.00000	0.00000	1.00000	0.00000	1.00000	1.00000	0.00000	0.00000	0.00000	1.00000	0.00000	0.00000	0.00000	1.00000	0.00000	1.00000	0.00000	1.00000	0.00000	0.00000	1.00000	0.00000	0.00000	0.00000	1.00000	0.00000	1.00000	0.00000	0.00000	0.00000	0.00000	0.00000	0.00000	0.00000	0.00000	0.00000	1.00000
>        	|	T	|	0.00000	0.00000	0.00000	0.00000	1.00000	0.00000	0.00000	0.00000	1.00000	0.00000	1.00000	0.00000	0.00000	1.00000	1.00000	0.00000	0.00000	0.00000	0.00000	0.00000	0.00000	0.00000	0.00000	0.00000	1.00000	0.00000	0.00000	0.00000	0.00000	0.00000	0.00000	0.00000	0.00000	0.00000	0.00000	0.00000	1.00000	0.00000	1.00000	0.00000	0.00000	0.00000	0.00000	0.00000	0.00000	1.00000	1.00000	1.00000	0.00000	0.00000

Position: 350
>humanT2T	|	A	|	1.00000	0.00000	0.00000	0.00000	0.00000	0.00000	0.00000	1.00000	0.00000	0.00000	0.00000	0.00000	0.00000	0.00000	0.00000	0.00000	0.00000	0.00000	0.00000	0.00000	0.00000	0.00000	0.00000	1.00000	0.00000	0.00000	0.00000	1.00000	0.00000	0.00000	1.00000	0.00000	1.00000	1.00000	1.00000	0.00000	1.00000	0.00000	1.00000	0.00000	1.00000	0.00000	0.00000	1.00000	0.00000	1.00000	0.00000	0.00000	0.00000	0.00000
>        	|	C	|	0.00000	0.00000	0.00000	1.00000	0.00000	0.00000	1.00000	0.00000	0.00000	0.00000	0.00000	0.00000	0.00000	1.00000	1.00000	0.00000	0.00000	0.00000	0.00000	0.00000	1.00000	0.00000	1.00000	0.00000	0.00000	0.00000	0.00000	0.00000	0.00000	0.00000	0.00000	0.00000	0.00000	0.00000	0.00000	0.00000	0.00000	0.00000	0.00000	0.00000	0.00000	0.00000	1.00000	0.00000	0.00000	0.00000	1.00000	0.00000	0.00000	0.00000
>        	|	G	|	0.00000	1.00000	0.00000	0.00000	0.00000	1.00000	0.00000	0.00000	0.00000	0.00000	1.00000	1.00000	1.00000	0.00000	0.00000	0.00000	1.00000	1.00000	1.00000	0.00000	0.00000	0.00000	0.00000	0.00000	0.00000	0.00000	1.00000	0.00000	1.00000	1.00000	0.00000	1.00000	0.00000	0.00000	0.00000	0.00000	0.00000	1.00000	0.00000	1.00000	0.00000	1.00000	0.00000	0.00000	1.00000	0.00000	0.00000	0.00000	1.00000	0.00000
>        	|	T	|	0.00000	0.00000	1.00000	0.00000	1.00000	0.00000	0.00000	0.00000	1.00000	1.00000	0.00000	0.00000	0.00000	0.00000	0.00000	1.00000	0.00000	0.00000	0.00000	1.00000	0.00000	1.00000	0.00000	0.00000	1.00000	1.00000	0.00000	0.00000	0.00000	0.00000	0.00000	0.00000	0.00000	0.00000	0.00000	1.00000	0.00000	0.00000	0.00000	0.00000	0.00000	0.00000	0.00000	0.00000	0.00000	0.00000	0.00000	1.00000	0.00000	1.00000

Position: 400
>humanT2T	|	A	|	0.00000	0.00000	1.00000	1.00000	0.00000	0.00000	0.00000	0.00000	0.00000	1.00000	0.00000	1.00000	0.00000	0.00000	0.00000	0.00000	0.00000	0.00000	1.00000	0.00000	0.00000	0.00000	0.00000	0.00000	0.00000	0.00000	0.00000	1.00000	0.00000	0.00000	0.00000	0.00000	0.00000	0.00000	1.00000	0.00000	0.00000	0.00000	1.00000	0.00000	0.00000	1.00000	0.00000	1.00000	0.00000	1.00000	0.00000	0.00000	0.00000	1.00000
>        	|	C	|	0.00000	1.00000	0.00000	0.00000	1.00000	1.00000	0.00000	0.00000	0.00000	0.00000	0.00000	0.00000	0.00000	0.00000	1.00000	0.00000	0.00000	1.00000	0.00000	0.00000	0.00000	0.00000	0.00000	0.00000	1.00000	1.00000	0.00000	0.00000	0.00000	0.00000	0.00000	1.00000	0.00000	1.00000	0.00000	0.00000	0.00000	0.00000	0.00000	0.00000	0.00000	0.00000	1.00000	0.00000	0.00000	0.00000	0.00000	0.00000	0.00000	0.00000
>        	|	G	|	1.00000	0.00000	0.00000	0.00000	0.00000	0.00000	0.00000	0.00000	0.00000	0.00000	1.00000	0.00000	1.00000	0.00000	0.00000	0.00000	1.00000	0.00000	0.00000	0.00000	0.00000	1.00000	1.00000	1.00000	0.00000	0.00000	0.00000	0.00000	1.00000	1.00000	0.00000	0.00000	0.00000	0.00000	0.00000	0.00000	0.00000	1.00000	0.00000	1.00000	1.00000	0.00000	0.00000	0.00000	1.00000	0.00000	0.00000	1.00000	1.00000	0.00000
>        	|	T	|	0.00000	0.00000	0.00000	0.00000	0.00000	0.00000	1.00000	1.00000	1.00000	0.00000	0.00000	0.00000	0.00000	1.00000	0.00000	1.00000	0.00000	0.00000	0.00000	1.00000	1.00000	0.00000	0.00000	0.00000	0.00000	0.00000	1.00000	0.00000	0.00000	0.00000	1.00000	0.00000	1.00000	0.00000	0.00000	1.00000	1.00000	0.00000	0.00000	0.00000	0.00000	0.00000	0.00000	0.00000	0.00000	0.00000	1.00000	0.00000	0.00000	0.00000

Position: 450
>humanT2T	|	A	|	0.00000	1.00000	0.00000	0.00000	1.00000	0.00000	1.00000	0.00000	0.00000	0.00000	0.00000	0.00000	0.00000	1.00000	1.00000	0.00000	0.00000	0.00000	0.00000	0.00000	1.00000	0.00000	1.00000	0.00000	0.00000	0.00000	0.00000	0.00000	0.00000	1.00000	0.00000	0.00000	0.00000	0.00000	0.00000	0.00000	0.00000	0.00000	1.00000	0.00000	0.00000	0.00000	0.00000	0.00000	0.00000	1.00000	0.00000	0.00000	0.00000	1.00000
>        	|	C	|	0.00000	0.00000	0.00000	1.00000	0.00000	0.00000	0.00000	1.00000	0.00000	0.00000	0.00000	0.00000	1.00000	0.00000	0.00000	1.00000	1.00000	0.00000	0.00000	0.00000	0.00000	0.00000	0.00000	0.00000	0.00000	1.00000	0.00000	0.00000	1.00000	0.00000	0.00000	0.00000	0.00000	0.00000	0.00000	1.00000	1.00000	0.00000	0.00000	0.00000	0.00000	0.00000	1.00000	0.00000	1.00000	0.00000	0.00000	0.00000	0.00000	0.00000
>        	|	G	|	1.00000	0.00000	1.00000	0.00000	0.00000	1.00000	0.00000	0.00000	0.00000	1.00000	0.00000	1.00000	0.00000	0.00000	0.00000	0.00000	0.00000	0.00000	0.00000	0.00000	0.00000	1.00000	0.00000	1.00000	0.00000	0.00000	0.00000	1.00000	0.00000	0.00000	0.00000	0.00000	1.00000	1.00000	1.00000	0.00000	0.00000	0.00000	0.00000	1.00000	1.00000	0.00000	0.00000	0.00000	0.00000	0.00000	0.00000	0.00000	1.00000	0.00000
>        	|	T	|	0.00000	0.00000	0.00000	0.00000	0.00000	0.00000	0.00000	0.00000	1.00000	0.00000	1.00000	0.00000	0.00000	0.00000	0.00000	0.00000	0.00000	1.00000	1.00000	1.00000	0.00000	0.00000	0.00000	0.00000	1.00000	0.00000	1.00000	0.00000	0.00000	0.00000	1.00000	1.00000	0.00000	0.00000	0.00000	0.00000	0.00000	1.00000	0.00000	0.00000	0.00000	1.00000	0.00000	1.00000	0.00000	0.00000	1.00000	1.00000	0.00000	0.00000

Position: 500
>humanT2T	|	A	|
>        	|	C	|
>        	|	G	|
>        	|	T	|
