Start: 0. End: 51. Decimal Places: 5.
Position: 0
>hca	|	A	|	1.00000	1.00000	1.00000	1.00000	1.00000	1.00000	1.00000	0.99561	0.99902	0.99902	0.99902	0.99902	1.00000	0.99902	0.99561	0.99902	0.99902	0.99902	1.00000	0.99902	0.99902	0.99561	0.99902	0.99902	1.00000	0.99951	0.99951	0.99951	1.00000	1.00000	1.00000	0.99951	0.99951	0.99951	1.00000	1.00000	1.00000	0.99951	1.00000	1.00000	1.00000	1.00000	0.99316	0.28613	0.65625	0.65625	0.64209	0.64209	1.00000	0.86133
>   	|	C	|	0.00000	0.00000	0.00000	0.00000	0.00000	0.00000	0.00001	0.00418	0.00088	0.00088	0.00094	0.00094	0.00000	0.00027	0.00000	0.00000	0.00000	0.00000	0.00000	0.00027	0.00000	0.00000	0.00000	0.00000	0.00000	0.00033	0.00000	0.00000	0.00000	0.00000	0.00000	0.00033	0.00000	0.00000	0.00000	0.00000	0.00000	0.00063	0.00001	0.00001	0.00001	0.00001	0.00681	0.71387	0.34351	0.34351	0.35791	0.35791	0.00003	0.13672
>   	|	G	|	0.00000	0.00000	0.00000	0.00000	0.00000	0.00000	0.00000	0.00000	0.00027	0.00000	0.00000	0.00000	0.00001	0.00088	0.00418	0.00088	0.00094	0.00094	0.00000	0.00000	0.00027	0.00000	0.00000	0.00000	0.00000	0.00000	0.00033	0.00000	0.00000	0.00000	0.00000	0.00000	0.00033	0.00000	0.00000	0.00000	0.00000	0.00000	0.00000	0.00000	0.00000	0.00000	0.00000	0.00000	0.00041	0.00001	0.00001	0.00001	0.00003	0.00179
>   	|	T	|	0.00000	0.00000	0.00000	0.00000	0.00000	0.00000	0.00000	0.00000	0.00000	0.00027	0.00000	0.00000	0.00000	0.00000	0.00000	0.00027	0.00000	0.00000	0.00001	0.00088	0.00088	0.00418	0.00094	0.00094	0.00000	0.00000	0.00000	0.00033	0.00000	0.00000	0.00000	0.00000	0.00000	0.00033	0.00000	0.00000	0.00000	0.00000	0.00000	0.00000	0.00000	0.00000	0.00000	0.00000	0.00001	0.00041	0.00001	0.00001	0.00000	0.00001

Position: 50
>hca	|	A	|	0.08966
>   	|	C	|	0.25562
>   	|	G	|	0.23657
>   	|	T	|	0.41797
